733787052
1071568035
1066151697
1062597007
1071870175
1048183914
1071870175
1048183914
956040123
1071568035
1059412063
1072514884
1059412063
1072927932
1072927932
1040715954
1071870175
944093684
1071870175
155443601
1071870175
974312296
1071568035
1072927932
1071568035
884461559
1070383758
788170663
1071870175
1071870175
734446801
968112733
1071870175
1072927932
1071870175
788170663
1071352283
1071870175
1071870175
801005203
1072927932
1054560135
1071870175
622377439
429753833
1072927932
1022021724
1071870175
1071870175
1007677999
1072927932
1072927932
1072927932
750458137
944093684
1054560135
1071568035
732136574
1071352283
1071870175
1071870175
884461559
1036246450
1071870175
1070383758
912536835
1036465556
996027703
974312296
1071870175
1056000812
981828671
1071568035
1071568035
1071870175
996027703
1071870175
1071870175
1071870175
788170663
1072927932
1071870175
986669162
1071870175
1071568035
1071568035
1071568035
1071870175
986669162
1072927932
1071870175
734446801
1071568035
942052590
1071352283
1072927932
1071352283
1070383758
1072927932
1071870175
1071870175
1071870175
1071568035
734446801
1070383758
981828671
34267097
884461559
1059412063
1059412063
1022021724
1071870175
986669162
1071870175
732136574
1070383758
981828671
941631908
1040241735
1059412063
1072514884
1040715954
1003750533
1071568035
981828671
1071568035
1072514884
1070383758
521986044
1071870175
1071870175
1071352283
981828671
1071870175
1071870175
152684191
1071568035
580249115
1071568035
1071568035
1040241735
1071870175
906274669
1071568035
1057058977
1071352283
1022021724
1071870175
1071870175
1071568035
986669162
1072927932
1071352283
1056000812
734446801
1066151697
1071870175
1071870175
1066151697
1071870175
884461559
1071870175
1036246450
1071870175
1071870175
986669162
733787052
1071352283
1043002539
1071870175
1071568035
986669162
1072927932
1071870175
1071568035
1071870175
1071870175
912536835
1040241735
788170663
1072927932
1071870175
1057058977
1059412063
1071870175
1048183914
1059412063
1071870175
1059412063
1065776743
1048183914
1071568035
1041311931
1059412063
1071870175
1071870175
1071568035
1072927932
986669162
69065453
1072514884
1071568035
1071870175
1072514884
1072927932
1071870175
788170663
996027703
1071870175
986669162
1072514884
1072514884
981828671
869031514
1071870175
496172312
1059412063
944093684
1071352283
1072927932
510919129
1062597007
1071870175
1054617392
734446801
1071568035
1072927932
1071352283
1045993651
1071870175
1059412063
1070383758
906274669
1071568035
937488392
1059412063
1022021724
801005203
1070383758
1072927932
1072927932
622377439
1017901005
1059412063
1071870175
1072514884
1071870175
1071568035
1071870175
1066151697
1071870175
1056000812
1062597007
1072514884
1071568035
981828671
1054617392
1066151697
1070383758
884461559
1054560135
1062118138
788170663
1059412063
801005203
968423429
1071352283
1071568035
986669162
981828671
622377439
1071870175
1071352283
477421079
1071870175
968112733
801005203
1071870175
1071568035
981828671
1071870175
1072927932
622377439
1071870175
1054560135
732136574
1072927932
1071568035
622377439
1071870175
1072927932
1072927932
1072514884
1059412063
1071568035
1056000812
986669162
801005203
1071568035
1071870175
1071568035
1071568035
1072927932
1071352283
1071568035
1071870175
1072927932
884461559
1071870175
1071568035
1070383758
1071568035
1071568035
1071870175
1072927932
1071870175
1072927932
1059412063
1071870175
1071870175
429753833
986669162
1071870175
1071870175
1071352283
1045993651
1072514884
1071870175
1059412063
729509607
1071870175
1071352283
1071870175
1071870175
1071870175
1072927932
1071870175
1072927932
1022021724
788170663
1072927932
1071352283
622377439
865875356
1071870175
1071568035
1072927932
944093684
1036246450
1022021724
1066151697
1071352283
1071870175
622377439
1049991806
1071870175
1071870175
1072927932
1014741160
981828671
1072514884
1036465556
1071870175
1059412063
1071870175
1071568035
1071870175
981828671
996027703
924443688
1048183914
884461559
1071352283
622377439
1071870175
1072927932
1070383758
1071870175
1071352283
981828671
986669162
970516336
1072514884
1072514884
1048183914
1071352283
1071870175
1070383758
1071352283
884461559
1036246450
869031514
981828671
1071870175
1059412063
801005203
981828671
79519208
884461559
1071352283
1071870175
1071568035
1072927932
1072927932
1071870175
884461559
1072514884
1014741160
1071870175
1036246450
1014741160
1022021724
732136574
1072514884
1072927932
1071870175
1062597007
1041311931
968112733
1059412063
1056000812
622377439
1048183914
1065788816
1070383758
1071870175
1071352283
1071870175
1071568035
449629089
1071870175
1071870175
1062597007
1071870175
1071870175
1071870175
1071870175
1071870175
981828671
1071870175
1071568035
1071870175
869031514
1071568035
1048183914
1065788816
1071568035
884461559
734446801
1071568035
986669162
884461559
981828671
1054617392
1071870175
1071352283
1071352283
372123692
884461559
1071352283
869031514
1059412063
1071568035
1071870175
1071870175
1014741160
1071352283
1022021724
788170663
1071870175
1072514884
1072514884
986669162
1071352283
1071870175
1071352283
1071870175
1071568035
1041311931
1071870175
884461559
1071870175
1032730045
1062118138
1059412063
1071352283
1072927932
1070383758
1071870175
1071568035
1059412063
1071352283
1062597007
986669162
1062118138
1071870175
1071870175
1071870175
1071352283
1041311931
1054560135
968112733
1071870175
788170663
1071568035
1071870175
906274669
996027703
1072927932
1059412063
1072927932
1072514884
1071568035
1071870175
152684191
1036246450
1072514884
1059412063
1059412063
1059412063
1036246450
1071870175
1056000812
1072927932
521986044
622377439
1071568035
1071870175
1071870175
981828671
1072927932
1071352283
1071870175
1071870175
1071870175
1054617392
1071568035
801005203
1059412063
1071568035
1071870175
1071352283
1072927932
1054560135
1070383758
1071870175
1071568035
1071870175
1072514884
996027703
1056000812
788170663
981828671
1071568035
884461559
1072927932
1066151697
1071870175
1072927932
801005203
1072927932
1071870175
521986044
996027703
1059412063
1071870175
1071870175
1071870175
894085396
1071352283
1071870175
622377439
1072514884
1071870175
869031514
1056000812
1059412063
1056000812
1071870175
1059412063
162488606
1041311931
1066151697
1059412063
1071870175
1062597007
1071870175
1071568035
1071870175
1036246450
894085396
1071870175
69065453
1072927932
1059412063
1072927932
884461559
1071870175
622377439
1071870175
1071352283
1071870175
1071870175
1066151697
1071352283
1054617392
1071870175
1071568035
1059412063
1036246450
1071568035
1071870175
1071870175
1059412063
1071568035
1072514884
1065788816
1071870175
1022021724
1071352283
1041311931
1072514884
986669162
1070383758
1059412063
622377439
1071870175
1072927932
1036246450
884461559
869031514
1070383758
1071870175
1071870175
1066151697
1071568035
1056000812
1071870175
1071870175
981828671
1003750533
801005203
1071870175
1071568035
1054617392
1071870175
1071870175
1022021724
906274669
999164312
937488392
1071870175
1072927932
1071568035
1071870175
1071870175
1071870175
1071870175
1072927932
1059412063
1071870175
1059412063
1071352283
869031514
981828671
801005203
732136574
996027703
1071568035
884461559
1071568035
1059412063
1071870175
1072927932
1059412063
1071352283
1071352283
887079612
1071870175
1035295116
487913622
1062597007
1071568035
1072927932
1071568035
1071870175
951873915
885904428
521986044
912536835
1071870175
1071870175
1071568035
1072927932
1072514884
1071568035
1059412063
1071870175
1071870175
734446801
1071870175
1070383758
1071568035
706903298
986669162
209733108
1072927932
999164312
1072927932
622377439
234798201
1059412063
1071568035
1065776743
1071870175
986669162
1071568035
669204792
1056000812
1062118138
69065453
1072927932
986669162
1072514884
1056000812
1048183914
905159394
869031514
788170663
1071568035
1071870175
1071870175
1071568035
1056000812
956040123
622377439
801005203
1071568035
1071870175
1071352283
1071870175
1072927932
884461559
1072927932
1071870175
884461559
1059412063
981828671
884461559
787853560
1071352283
1072514884
1071568035
622377439
1072927932
1066151697
1071870175
1071870175
